# Output from CTFFind version 4.1.13, run on 2021-02-12 17:08:52
# Input file: 155.mrc ; Number of micrographs: 41
# Pixel size: 1.393 Angstroms ; acceleration voltage: 300.0 keV ; spherical aberration: 2.70 mm ; amplitude contrast: 0.07
# Box size: 512 pixels ; min. res.: 30.0 Angstroms ; max. res.: 5.0 Angstroms ; min. def.: 10000.0 um; max. def. 55000.0 um
# Columns: #1 - micrograph number; #2 - defocus 1 [Angstroms]; #3 - defocus 2; #4 - azimuth of astigmatism; #5 - additional phase shift [radians]; #6 - cross correlation; #7 - spacing (in Angstroms) up to which CTF rings were fit successfully
1.000000 21442.146484 21196.869141 66.429375 0.000000 0.022645 4.549291
2.000000 28351.703125 27937.230469 25.966673 0.000000 0.018796 718.788025
3.000000 22904.314453 21919.871094 5.524175 0.000000 0.024419 4.824081
4.000000 47518.839844 46600.914062 87.497100 0.000000 0.020381 17.969701
5.000000 14923.938477 13366.113281 28.478105 0.000000 0.019755 6.911423
6.000000 15365.969727 14675.723633 -45.687651 0.000000 0.018063 4.889714
7.000000 52091.464844 51953.066406 -35.957329 0.000000 0.017564 16.716001
8.000000 49948.347656 48745.906250 39.941847 0.000000 0.023058 13.562038
9.000000 50016.847656 49394.421875 -51.164472 0.000000 0.022116 9.713352
10.000000 49719.214844 49131.628906 -61.242536 0.000000 0.021588 9.098583
11.000000 49819.109375 49532.085938 61.360487 0.000000 0.023622 8.984850
12.000000 50227.171875 49316.980469 -34.176337 0.000000 0.039262 9.215231
13.000000 49863.402344 49499.144531 79.989486 0.000000 0.037299 9.215231
14.000000 50187.554688 49723.308594 -15.420682 0.000000 0.047582 7.487375
15.000000 50243.070312 49792.660156 -37.563967 0.000000 0.035931 7.728903
16.000000 49957.347656 49457.843750 -36.867551 0.000000 0.039179 8.076270
17.000000 50354.882812 49534.667969 -11.149362 0.000000 0.045765 6.978525
18.000000 50273.839844 49779.015625 -6.286542 0.000000 0.056038 6.717645
19.000000 50560.996094 49862.925781 -21.689776 0.000000 0.056443 5.891705
20.000000 50446.253906 49892.621094 -30.497017 0.000000 0.044521 7.487375
21.000000 50648.207031 49884.070312 -39.437905 0.000000 0.059449 6.717645
22.000000 50685.777344 50159.285156 -20.914816 0.000000 0.059326 7.187880
23.000000 50872.953125 50282.894531 -59.126427 0.000000 0.049931 8.557000
24.000000 51085.453125 50280.351562 -17.291165 0.000000 0.047937 8.168046
25.000000 51046.574219 50617.292969 -49.478088 0.000000 0.036844 8.765708
26.000000 51100.480469 50426.632812 -33.353549 0.000000 0.034825 7.728903
27.000000 51472.449219 50618.636719 10.744311 0.000000 0.022407 9.215231
28.000000 52049.269531 51030.449219 74.975369 0.000000 0.028530 9.846411
29.000000 51107.136719 50442.027344 38.382091 0.000000 0.026733 8.765708
30.000000 52526.933594 52012.894531 83.011018 0.000000 0.022031 14.375760
31.000000 52848.363281 52094.921875 -53.959676 0.000000 0.023957 12.835500
32.000000 52617.171875 52067.113281 41.860047 0.000000 0.020351 11.409334
33.000000 22022.292969 21119.953125 50.517162 0.000000 0.017511 718.788025
34.000000 50966.207031 50514.316406 -37.906969 0.000000 0.014096 10.570412
35.000000 13699.883789 12931.005859 85.933636 0.000000 0.021213 4.060949
36.000000 11242.138672 10687.929688 81.860746 0.000000 0.019882 4.667455
37.000000 10430.978516 9950.585938 -73.333535 0.000000 0.016276 718.788025
38.000000 38612.261719 38396.101562 -88.272846 0.000000 0.023706 718.788025
39.000000 34575.015625 32910.660156 -37.921067 0.000000 0.018782 4.889714
40.000000 11984.720703 11609.856445 -86.765000 0.000000 0.018723 4.991584
41.000000 24137.035156 22952.011719 -7.912175 0.000000 0.018596 718.788025
