# Output from CTFFind version 4.0.16, run on 2017-03-21 17:21:01
# Input file: 1.mrc; Number of micrographs: 35
# Pixel size: 3.350; acceleration voltage: 300.0; spherical aberration: 2.7; amplitude contrast: .07
# Box size: 512; min res: 30.0; max. res.: 5.0; min. def.: 5000.0; max. def.: 55000.0
# Columns: #1 - micrograph number; #2 - defocus 1 [Angstroms]; #3 - defocus 2; #4 - azimuth of astigmatism; #5 - additional phase shift [radians]; #6 - cross correlation; #7 - spacing (in Angstroms) up to which CTF rings were fit successfully
  1.000000       36284.34       35774.02      -13.67452       0.000000     -0.4420801E-02   37.28696     
  2.000000       32665.97       31722.96       64.82040       0.000000     -0.5958994E-02   35.73333     
  3.000000       30159.11       29559.67      -89.15397       0.000000     -0.5794012E-02   34.30400     
  4.000000       32154.45       31231.39       49.72836       0.000000     -0.6223002E-02   35.73333     
  5.000000       33027.42       32331.70       75.50137       0.000000     -0.6458204E-02   35.73333     
  6.000000       34315.57       33897.25       83.10614       0.000000     -0.6227156E-02   36.49362     
  7.000000       34246.52       33268.64       10.34831       0.000000     -0.6828469E-02   13.72160     
  8.000000       35860.36       34667.73       67.18787       0.000000     -0.9128900E-02   37.28696     
  9.000000       36173.00       34748.45      -11.20158       0.000000     -0.9446071E-02   37.28696     
  10.00000       33500.00       33376.27       64.05192       0.000000     -0.9507949E-02   36.49362     
  11.00000       33293.74       32595.79      -87.87923       0.000000     -0.9263995E-02   11.91111     
  12.00000       33743.95       33109.94       64.68445       0.000000     -0.1134695E-01   36.49362     
  13.00000       33940.42       33600.29       68.72569       0.000000     -0.9661320E-02   36.49362     
  14.00000       33195.79       31765.52       84.01207       0.000000     -0.1052284E-01   35.73333     
  15.00000       33819.84       32216.93       78.23949       0.000000     -0.1131340E-01   8.706599     
  16.00000       33139.15       31879.45       80.22078       0.000000     -0.1142040E-01   9.857471     
  17.00000       33324.27       32073.29       75.59211       0.000000     -0.1128106E-01   35.73333     
  18.00000       33016.26       31546.28       63.63668       0.000000     -0.6879293E-02   10.72000     
  19.00000       33262.34       31770.15       70.33833       0.000000     -0.3559132E-02   35.73333     
  20.00000       33345.22       31889.01       81.80336       0.000000     -0.9456135E-02   35.73333     
  21.00000       32563.54       31895.67       67.96440       0.000000     -0.9587339E-02   20.41905     
  22.00000       33735.15       33474.34      -29.95429       0.000000     -0.9782119E-02   10.14911     
  23.00000       34205.47       32429.36       69.62827       0.000000     -0.7655230E-02   20.91707     
  24.00000       33571.38       33025.77      -15.22949       0.000000     -0.1012423E-01   36.49362     
  25.00000       33976.14       33739.66      -18.37609       0.000000     -0.8532593E-02   12.07887     
  26.00000       34058.48       33716.38      -50.92137       0.000000     -0.6969896E-02   10.08941     
  27.00000       34448.68       33426.57       68.91867       0.000000     -0.6996259E-02   13.72160     
  28.00000       34632.35       33829.98       77.40191       0.000000     -0.6910207E-02   36.49362     
  29.00000       33545.25       32538.18       59.11202       0.000000     -0.6890795E-02   13.61270     
  30.00000       33243.60       33151.32       80.42027       0.000000     -0.5552136E-02   13.29613     
  31.00000       35815.19       34325.79       83.54256       0.000000     -0.5520851E-02   12.33957     
  32.00000       36103.19       35628.86       33.47853       0.000000     -0.4799827E-02   37.28696     
  33.00000       33638.23       32318.80      -6.628716       0.000000     -0.5676649E-02   35.73333     
  34.00000       34173.80       33481.06      -27.95199       0.000000     -0.4525756E-02   36.49362     
  35.00000       34356.70       33962.65       18.26110       0.000000     -0.4561061E-02   36.49362     
